>> v=(10:-2:0)

v =

    10     8     6     4     2     0

>> v=(100:-10:50)

v =

   100    90    80    70    60    50

>> v=(100:-10:2)

v =

   100    90    80    70    60    50    40    30    20    10

>> v=(100:-5:5)

v =

   100    95    90    85    80    75    70    65    60    55    50    45    40    35    30    25    20    15    10     5

>> v=(1000:+5:5)

v =

   Empty matrix: 1-by-0

>> v=(1000:5)

v =

   Empty matrix: 1-by-0

>> v=(10:5:500)

v =

  Columns 1 through 21

    10    15    20    25    30    35    40    45    50    55    60    65    70    75    80    85    90    95   100   105   110

  Columns 22 through 42

   115   120   125   130   135   140   145   150   155   160   165   170   175   180   185   190   195   200   205   210   215

  Columns 43 through 63

   220   225   230   235   240   245   250   255   260   265   270   275   280   285   290   295   300   305   310   315   320

  Columns 64 through 84

   325   330   335   340   345   350   355   360   365   370   375   380   385   390   395   400   405   410   415   420   425

  Columns 85 through 99

   430   435   440   445   450   455   460   465   470   475   480   485   490   495   500

>> v=(10:5:50)

v =

    10    15    20    25    30    35    40    45    50

>> v=(5:10:50)

v =

     5    15    25    35    45

>> v=(5:10)

v =

     5     6     7     8     9    10

>> v=(5:22)

v =

     5     6     7     8     9    10    11    12    13    14    15    16    17    18    19    20    21    22

>> v=(5:-22)

v =

   Empty matrix: 1-by-0

>> v=(5:8)

v =

     5     6     7     8

>> v=(10:-2)

v =

   Empty matrix: 1-by-0

>> v=(10:2)

v =

   Empty matrix: 1-by-0

>> v=(10:-2)

v =

   Empty matrix: 1-by-0

>> v=(10:40)

v =

  Columns 1 through 21

    10    11    12    13    14    15    16    17    18    19    20    21    22    23    24    25    26    27    28    29    30

  Columns 22 through 31

    31    32    33    34    35    36    37    38    39    40

>> w=(5:10)

w =

     5     6     7     8     9    10

>> A=[10:-1:5]

A =

    10     9     8     7     6     5

>> a=[1 5 6;9 8 7; 0 1 4] 

a =

     1     5     6
     9     8     7
     0     1     4

>> 